initializing model
[MAdd]: AdaptiveAvgPool2d is not supported!
[Flops]: AdaptiveAvgPool2d is not supported!
[Memory]: AdaptiveAvgPool2d is not supported!
[MAdd]: AdaptiveAvgPool2d is not supported!
[Flops]: AdaptiveAvgPool2d is not supported!
[Memory]: AdaptiveAvgPool2d is not supported!
[MAdd]: AdaptiveAvgPool2d is not supported!
[Flops]: AdaptiveAvgPool2d is not supported!
[Memory]: AdaptiveAvgPool2d is not supported!
[MAdd]: AdaptiveAvgPool2d is not supported!
[Flops]: AdaptiveAvgPool2d is not supported!
[Memory]: AdaptiveAvgPool2d is not supported!
[MAdd]: Dropout is not supported!
[Flops]: Dropout is not supported!
[Memory]: Dropout is not supported!
                        module name   input shape  output shape      params memory(MB)              MAdd             Flops  MemRead(B)  MemWrite(B) duration[%]     MemR+W(B)
0                      resnet.conv1     1 224 224    64 112 112      3136.0       3.06      77,873,152.0      39,337,984.0    213248.0    3211264.0       0.72%  3.424512e+06
1                        resnet.bn1    64 112 112    64 112 112       128.0       3.06       3,211,264.0       1,605,632.0   3211776.0    3211264.0       0.22%  6.423040e+06
2                       resnet.relu    64 112 112    64 112 112         0.0       3.06         802,816.0         802,816.0   3211264.0    3211264.0       0.09%  6.422528e+06
3             resnet.layer1.0.conv1    64 112 112    64 112 112      4096.0       3.06     101,957,632.0      51,380,224.0   3227648.0    3211264.0       0.70%  6.438912e+06
4               resnet.layer1.0.bn1    64 112 112    64 112 112       128.0       3.06       3,211,264.0       1,605,632.0   3211776.0    3211264.0       0.20%  6.423040e+06
5              resnet.layer1.0.relu   256 112 112   256 112 112         0.0      12.25       3,211,264.0       3,211,264.0  12845056.0   12845056.0       0.29%  2.569011e+07
6             resnet.layer1.0.conv2    64 112 112    64 112 112     36864.0       3.06     924,041,216.0     462,422,016.0   3358720.0    3211264.0       1.84%  6.569984e+06
7               resnet.layer1.0.bn2    64 112 112    64 112 112       128.0       3.06       3,211,264.0       1,605,632.0   3211776.0    3211264.0       0.12%  6.423040e+06
8             resnet.layer1.0.conv3    64 112 112   256 112 112     16384.0      12.25     407,830,528.0     205,520,896.0   3276800.0   12845056.0       2.13%  1.612186e+07
9               resnet.layer1.0.bn3   256 112 112   256 112 112       512.0      12.25      12,845,056.0       6,422,528.0  12847104.0   12845056.0       0.71%  2.569216e+07
10     resnet.layer1.0.downsample.0    64 112 112   256 112 112     16384.0      12.25     407,830,528.0     205,520,896.0   3276800.0   12845056.0       2.27%  1.612186e+07
11     resnet.layer1.0.downsample.1   256 112 112   256 112 112       512.0      12.25      12,845,056.0       6,422,528.0  12847104.0   12845056.0       0.76%  2.569216e+07
12            resnet.layer1.1.conv1   256 112 112    64 112 112     16384.0       3.06     410,238,976.0     205,520,896.0  12910592.0    3211264.0       1.51%  1.612186e+07
13              resnet.layer1.1.bn1    64 112 112    64 112 112       128.0       3.06       3,211,264.0       1,605,632.0   3211776.0    3211264.0       0.12%  6.423040e+06
14             resnet.layer1.1.relu   256 112 112   256 112 112         0.0      12.25       3,211,264.0       3,211,264.0  12845056.0   12845056.0       0.28%  2.569011e+07
15            resnet.layer1.1.conv2    64 112 112    64 112 112     36864.0       3.06     924,041,216.0     462,422,016.0   3358720.0    3211264.0       1.48%  6.569984e+06
16              resnet.layer1.1.bn2    64 112 112    64 112 112       128.0       3.06       3,211,264.0       1,605,632.0   3211776.0    3211264.0       0.12%  6.423040e+06
17            resnet.layer1.1.conv3    64 112 112   256 112 112     16384.0      12.25     407,830,528.0     205,520,896.0   3276800.0   12845056.0       1.51%  1.612186e+07
18              resnet.layer1.1.bn3   256 112 112   256 112 112       512.0      12.25      12,845,056.0       6,422,528.0  12847104.0   12845056.0       0.72%  2.569216e+07
19            resnet.layer1.2.conv1   256 112 112    64 112 112     16384.0       3.06     410,238,976.0     205,520,896.0  12910592.0    3211264.0       1.47%  1.612186e+07
20              resnet.layer1.2.bn1    64 112 112    64 112 112       128.0       3.06       3,211,264.0       1,605,632.0   3211776.0    3211264.0       0.12%  6.423040e+06
21             resnet.layer1.2.relu   256 112 112   256 112 112         0.0      12.25       3,211,264.0       3,211,264.0  12845056.0   12845056.0       0.27%  2.569011e+07
22            resnet.layer1.2.conv2    64 112 112    64 112 112     36864.0       3.06     924,041,216.0     462,422,016.0   3358720.0    3211264.0       1.48%  6.569984e+06
23              resnet.layer1.2.bn2    64 112 112    64 112 112       128.0       3.06       3,211,264.0       1,605,632.0   3211776.0    3211264.0       0.13%  6.423040e+06
24            resnet.layer1.2.conv3    64 112 112   256 112 112     16384.0      12.25     407,830,528.0     205,520,896.0   3276800.0   12845056.0       1.51%  1.612186e+07
25              resnet.layer1.2.bn3   256 112 112   256 112 112       512.0      12.25      12,845,056.0       6,422,528.0  12847104.0   12845056.0       0.72%  2.569216e+07
26            resnet.layer2.0.conv1   256 112 112   128 112 112     32768.0       6.12     820,477,952.0     411,041,792.0  12976128.0    6422528.0       2.25%  1.939866e+07
27              resnet.layer2.0.bn1   128 112 112   128 112 112       256.0       6.12       6,422,528.0       3,211,264.0   6423552.0    6422528.0       0.23%  1.284608e+07
28             resnet.layer2.0.relu   512  56  56   512  56  56         0.0       6.12       1,605,632.0       1,605,632.0   6422528.0    6422528.0       0.13%  1.284506e+07
29            resnet.layer2.0.conv2   128 112 112   128  56  56    147456.0       1.53     924,442,624.0     462,422,016.0   7012352.0    1605632.0       1.95%  8.617984e+06
30              resnet.layer2.0.bn2   128  56  56   128  56  56       256.0       1.53       1,605,632.0         802,816.0   1606656.0    1605632.0       0.06%  3.212288e+06
31            resnet.layer2.0.conv3   128  56  56   512  56  56     65536.0       6.12     409,436,160.0     205,520,896.0   1867776.0    6422528.0       1.10%  8.290304e+06
32              resnet.layer2.0.bn3   512  56  56   512  56  56      1024.0       6.12       6,422,528.0       3,211,264.0   6426624.0    6422528.0       0.37%  1.284915e+07
33     resnet.layer2.0.downsample.0   256 112 112   512  56  56    131072.0       6.12     820,477,952.0     411,041,792.0  13369344.0    6422528.0       2.30%  1.979187e+07
34     resnet.layer2.0.downsample.1   512  56  56   512  56  56      1024.0       6.12       6,422,528.0       3,211,264.0   6426624.0    6422528.0       0.23%  1.284915e+07
35            resnet.layer2.1.conv1   512  56  56   128  56  56     65536.0       1.53     410,640,384.0     205,520,896.0   6684672.0    1605632.0       1.13%  8.290304e+06
36              resnet.layer2.1.bn1   128  56  56   128  56  56       256.0       1.53       1,605,632.0         802,816.0   1606656.0    1605632.0       0.06%  3.212288e+06
37             resnet.layer2.1.relu   512  56  56   512  56  56         0.0       6.12       1,605,632.0       1,605,632.0   6422528.0    6422528.0       0.13%  1.284506e+07
38            resnet.layer2.1.conv2   128  56  56   128  56  56    147456.0       1.53     924,442,624.0     462,422,016.0   2195456.0    1605632.0       1.43%  3.801088e+06
39              resnet.layer2.1.bn2   128  56  56   128  56  56       256.0       1.53       1,605,632.0         802,816.0   1606656.0    1605632.0       0.06%  3.212288e+06
40            resnet.layer2.1.conv3   128  56  56   512  56  56     65536.0       6.12     409,436,160.0     205,520,896.0   1867776.0    6422528.0       1.05%  8.290304e+06
41              resnet.layer2.1.bn3   512  56  56   512  56  56      1024.0       6.12       6,422,528.0       3,211,264.0   6426624.0    6422528.0       0.37%  1.284915e+07
42            resnet.layer2.2.conv1   512  56  56   128  56  56     65536.0       1.53     410,640,384.0     205,520,896.0   6684672.0    1605632.0       1.21%  8.290304e+06
43              resnet.layer2.2.bn1   128  56  56   128  56  56       256.0       1.53       1,605,632.0         802,816.0   1606656.0    1605632.0       0.06%  3.212288e+06
44             resnet.layer2.2.relu   512  56  56   512  56  56         0.0       6.12       1,605,632.0       1,605,632.0   6422528.0    6422528.0       0.13%  1.284506e+07
45            resnet.layer2.2.conv2   128  56  56   128  56  56    147456.0       1.53     924,442,624.0     462,422,016.0   2195456.0    1605632.0       1.39%  3.801088e+06
46              resnet.layer2.2.bn2   128  56  56   128  56  56       256.0       1.53       1,605,632.0         802,816.0   1606656.0    1605632.0       0.06%  3.212288e+06
47            resnet.layer2.2.conv3   128  56  56   512  56  56     65536.0       6.12     409,436,160.0     205,520,896.0   1867776.0    6422528.0       1.04%  8.290304e+06
48              resnet.layer2.2.bn3   512  56  56   512  56  56      1024.0       6.12       6,422,528.0       3,211,264.0   6426624.0    6422528.0       0.39%  1.284915e+07
49            resnet.layer2.3.conv1   512  56  56   128  56  56     65536.0       1.53     410,640,384.0     205,520,896.0   6684672.0    1605632.0       1.09%  8.290304e+06
50              resnet.layer2.3.bn1   128  56  56   128  56  56       256.0       1.53       1,605,632.0         802,816.0   1606656.0    1605632.0       0.06%  3.212288e+06
51             resnet.layer2.3.relu   512  56  56   512  56  56         0.0       6.12       1,605,632.0       1,605,632.0   6422528.0    6422528.0       0.13%  1.284506e+07
52            resnet.layer2.3.conv2   128  56  56   128  56  56    147456.0       1.53     924,442,624.0     462,422,016.0   2195456.0    1605632.0       1.41%  3.801088e+06
53              resnet.layer2.3.bn2   128  56  56   128  56  56       256.0       1.53       1,605,632.0         802,816.0   1606656.0    1605632.0       0.06%  3.212288e+06
54            resnet.layer2.3.conv3   128  56  56   512  56  56     65536.0       6.12     409,436,160.0     205,520,896.0   1867776.0    6422528.0       1.04%  8.290304e+06
55              resnet.layer2.3.bn3   512  56  56   512  56  56      1024.0       6.12       6,422,528.0       3,211,264.0   6426624.0    6422528.0       0.37%  1.284915e+07
56            resnet.layer3.0.conv1   512  56  56   256  56  56    131072.0       3.06     821,280,768.0     411,041,792.0   6946816.0    3211264.0       1.66%  1.015808e+07
57              resnet.layer3.0.bn1   256  56  56   256  56  56       512.0       3.06       3,211,264.0       1,605,632.0   3213312.0    3211264.0       0.11%  6.424576e+06
58             resnet.layer3.0.relu  1024  28  28  1024  28  28         0.0       3.06         802,816.0         802,816.0   3211264.0    3211264.0       0.06%  6.422528e+06
59            resnet.layer3.0.conv2   256  56  56   256  28  28    589824.0       0.77     924,643,328.0     462,422,016.0   5570560.0     802816.0       1.74%  6.373376e+06
60              resnet.layer3.0.bn2   256  28  28   256  28  28       512.0       0.77         802,816.0         401,408.0    804864.0     802816.0       0.04%  1.607680e+06
61            resnet.layer3.0.conv3   256  28  28  1024  28  28    262144.0       3.06     410,238,976.0     205,520,896.0   1851392.0    3211264.0       0.82%  5.062656e+06
62              resnet.layer3.0.bn3  1024  28  28  1024  28  28      2048.0       3.06       3,211,264.0       1,605,632.0   3219456.0    3211264.0       0.12%  6.430720e+06
63     resnet.layer3.0.downsample.0   512  56  56  1024  28  28    524288.0       3.06     821,280,768.0     411,041,792.0   8519680.0    3211264.0       1.84%  1.173094e+07
64     resnet.layer3.0.downsample.1  1024  28  28  1024  28  28      2048.0       3.06       3,211,264.0       1,605,632.0   3219456.0    3211264.0       0.12%  6.430720e+06
65            resnet.layer3.1.conv1  1024  28  28   256  28  28    262144.0       0.77     410,841,088.0     205,520,896.0   4259840.0     802816.0       0.84%  5.062656e+06
66              resnet.layer3.1.bn1   256  28  28   256  28  28       512.0       0.77         802,816.0         401,408.0    804864.0     802816.0       0.03%  1.607680e+06
67             resnet.layer3.1.relu  1024  28  28  1024  28  28         0.0       3.06         802,816.0         802,816.0   3211264.0    3211264.0       0.07%  6.422528e+06
68            resnet.layer3.1.conv2   256  28  28   256  28  28    589824.0       0.77     924,643,328.0     462,422,016.0   3162112.0     802816.0       1.45%  3.964928e+06
69              resnet.layer3.1.bn2   256  28  28   256  28  28       512.0       0.77         802,816.0         401,408.0    804864.0     802816.0       0.04%  1.607680e+06
70            resnet.layer3.1.conv3   256  28  28  1024  28  28    262144.0       3.06     410,238,976.0     205,520,896.0   1851392.0    3211264.0       0.77%  5.062656e+06
71              resnet.layer3.1.bn3  1024  28  28  1024  28  28      2048.0       3.06       3,211,264.0       1,605,632.0   3219456.0    3211264.0       0.11%  6.430720e+06
72            resnet.layer3.2.conv1  1024  28  28   256  28  28    262144.0       0.77     410,841,088.0     205,520,896.0   4259840.0     802816.0       0.78%  5.062656e+06
73              resnet.layer3.2.bn1   256  28  28   256  28  28       512.0       0.77         802,816.0         401,408.0    804864.0     802816.0       0.03%  1.607680e+06
74             resnet.layer3.2.relu  1024  28  28  1024  28  28         0.0       3.06         802,816.0         802,816.0   3211264.0    3211264.0       0.06%  6.422528e+06
75            resnet.layer3.2.conv2   256  28  28   256  28  28    589824.0       0.77     924,643,328.0     462,422,016.0   3162112.0     802816.0       1.41%  3.964928e+06
76              resnet.layer3.2.bn2   256  28  28   256  28  28       512.0       0.77         802,816.0         401,408.0    804864.0     802816.0       0.03%  1.607680e+06
77            resnet.layer3.2.conv3   256  28  28  1024  28  28    262144.0       3.06     410,238,976.0     205,520,896.0   1851392.0    3211264.0       0.77%  5.062656e+06
78              resnet.layer3.2.bn3  1024  28  28  1024  28  28      2048.0       3.06       3,211,264.0       1,605,632.0   3219456.0    3211264.0       0.11%  6.430720e+06
79            resnet.layer3.3.conv1  1024  28  28   256  28  28    262144.0       0.77     410,841,088.0     205,520,896.0   4259840.0     802816.0       0.86%  5.062656e+06
80              resnet.layer3.3.bn1   256  28  28   256  28  28       512.0       0.77         802,816.0         401,408.0    804864.0     802816.0       0.03%  1.607680e+06
81             resnet.layer3.3.relu  1024  28  28  1024  28  28         0.0       3.06         802,816.0         802,816.0   3211264.0    3211264.0       0.05%  6.422528e+06
82            resnet.layer3.3.conv2   256  28  28   256  28  28    589824.0       0.77     924,643,328.0     462,422,016.0   3162112.0     802816.0       1.42%  3.964928e+06
83              resnet.layer3.3.bn2   256  28  28   256  28  28       512.0       0.77         802,816.0         401,408.0    804864.0     802816.0       0.04%  1.607680e+06
84            resnet.layer3.3.conv3   256  28  28  1024  28  28    262144.0       3.06     410,238,976.0     205,520,896.0   1851392.0    3211264.0       0.85%  5.062656e+06
85              resnet.layer3.3.bn3  1024  28  28  1024  28  28      2048.0       3.06       3,211,264.0       1,605,632.0   3219456.0    3211264.0       0.20%  6.430720e+06
86            resnet.layer3.4.conv1  1024  28  28   256  28  28    262144.0       0.77     410,841,088.0     205,520,896.0   4259840.0     802816.0       0.88%  5.062656e+06
87              resnet.layer3.4.bn1   256  28  28   256  28  28       512.0       0.77         802,816.0         401,408.0    804864.0     802816.0       0.03%  1.607680e+06
88             resnet.layer3.4.relu  1024  28  28  1024  28  28         0.0       3.06         802,816.0         802,816.0   3211264.0    3211264.0       0.06%  6.422528e+06
89            resnet.layer3.4.conv2   256  28  28   256  28  28    589824.0       0.77     924,643,328.0     462,422,016.0   3162112.0     802816.0       1.43%  3.964928e+06
90              resnet.layer3.4.bn2   256  28  28   256  28  28       512.0       0.77         802,816.0         401,408.0    804864.0     802816.0       0.03%  1.607680e+06
91            resnet.layer3.4.conv3   256  28  28  1024  28  28    262144.0       3.06     410,238,976.0     205,520,896.0   1851392.0    3211264.0       0.85%  5.062656e+06
92              resnet.layer3.4.bn3  1024  28  28  1024  28  28      2048.0       3.06       3,211,264.0       1,605,632.0   3219456.0    3211264.0       0.20%  6.430720e+06
93            resnet.layer3.5.conv1  1024  28  28   256  28  28    262144.0       0.77     410,841,088.0     205,520,896.0   4259840.0     802816.0       0.86%  5.062656e+06
94              resnet.layer3.5.bn1   256  28  28   256  28  28       512.0       0.77         802,816.0         401,408.0    804864.0     802816.0       0.03%  1.607680e+06
95             resnet.layer3.5.relu  1024  28  28  1024  28  28         0.0       3.06         802,816.0         802,816.0   3211264.0    3211264.0       0.05%  6.422528e+06
96            resnet.layer3.5.conv2   256  28  28   256  28  28    589824.0       0.77     924,643,328.0     462,422,016.0   3162112.0     802816.0       1.42%  3.964928e+06
97              resnet.layer3.5.bn2   256  28  28   256  28  28       512.0       0.77         802,816.0         401,408.0    804864.0     802816.0       0.04%  1.607680e+06
98            resnet.layer3.5.conv3   256  28  28  1024  28  28    262144.0       3.06     410,238,976.0     205,520,896.0   1851392.0    3211264.0       0.85%  5.062656e+06
99              resnet.layer3.5.bn3  1024  28  28  1024  28  28      2048.0       3.06       3,211,264.0       1,605,632.0   3219456.0    3211264.0       0.20%  6.430720e+06
100           resnet.layer4.0.conv1  1024  28  28   512  28  28    524288.0       1.53     821,682,176.0     411,041,792.0   5308416.0    1605632.0       1.50%  6.914048e+06
101             resnet.layer4.0.bn1   512  28  28   512  28  28      1024.0       1.53       1,605,632.0         802,816.0   1609728.0    1605632.0       0.06%  3.215360e+06
102            resnet.layer4.0.relu  2048  14  14  2048  14  14         0.0       1.53         401,408.0         401,408.0   1605632.0    1605632.0       0.03%  3.211264e+06
103           resnet.layer4.0.conv2   512  28  28   512  14  14   2359296.0       0.38     924,743,680.0     462,422,016.0  11042816.0     401408.0       2.01%  1.144422e+07
104             resnet.layer4.0.bn2   512  14  14   512  14  14      1024.0       0.38         401,408.0         200,704.0    405504.0     401408.0       0.02%  8.069120e+05
105           resnet.layer4.0.conv3   512  14  14  2048  14  14   1048576.0       1.53     410,640,384.0     205,520,896.0   4595712.0    1605632.0       0.84%  6.201344e+06
106             resnet.layer4.0.bn3  2048  14  14  2048  14  14      4096.0       1.53       1,605,632.0         802,816.0   1622016.0    1605632.0       0.06%  3.227648e+06
107    resnet.layer4.0.downsample.0  1024  28  28  2048  14  14   2097152.0       1.53     821,682,176.0     411,041,792.0  11599872.0    1605632.0       2.01%  1.320550e+07
108    resnet.layer4.0.downsample.1  2048  14  14  2048  14  14      4096.0       1.53       1,605,632.0         802,816.0   1622016.0    1605632.0       0.06%  3.227648e+06
109           resnet.layer4.1.conv1  2048  14  14   512  14  14   1048576.0       0.38     410,941,440.0     205,520,896.0   5799936.0     401408.0       0.90%  6.201344e+06
110             resnet.layer4.1.bn1   512  14  14   512  14  14      1024.0       0.38         401,408.0         200,704.0    405504.0     401408.0       0.02%  8.069120e+05
111            resnet.layer4.1.relu  2048  14  14  2048  14  14         0.0       1.53         401,408.0         401,408.0   1605632.0    1605632.0       0.03%  3.211264e+06
112           resnet.layer4.1.conv2   512  14  14   512  14  14   2359296.0       0.38     924,743,680.0     462,422,016.0   9838592.0     401408.0       2.24%  1.024000e+07
113             resnet.layer4.1.bn2   512  14  14   512  14  14      1024.0       0.38         401,408.0         200,704.0    405504.0     401408.0       0.03%  8.069120e+05
114           resnet.layer4.1.conv3   512  14  14  2048  14  14   1048576.0       1.53     410,640,384.0     205,520,896.0   4595712.0    1605632.0       0.79%  6.201344e+06
115             resnet.layer4.1.bn3  2048  14  14  2048  14  14      4096.0       1.53       1,605,632.0         802,816.0   1622016.0    1605632.0       0.06%  3.227648e+06
116           resnet.layer4.2.conv1  2048  14  14   512  14  14   1048576.0       0.38     410,941,440.0     205,520,896.0   5799936.0     401408.0       0.84%  6.201344e+06
117             resnet.layer4.2.bn1   512  14  14   512  14  14      1024.0       0.38         401,408.0         200,704.0    405504.0     401408.0       0.02%  8.069120e+05
118            resnet.layer4.2.relu  2048  14  14  2048  14  14         0.0       1.53         401,408.0         401,408.0   1605632.0    1605632.0       0.03%  3.211264e+06
119           resnet.layer4.2.conv2   512  14  14   512  14  14   2359296.0       0.38     924,743,680.0     462,422,016.0   9838592.0     401408.0       1.70%  1.024000e+07
120             resnet.layer4.2.bn2   512  14  14   512  14  14      1024.0       0.38         401,408.0         200,704.0    405504.0     401408.0       0.02%  8.069120e+05
121           resnet.layer4.2.conv3   512  14  14  2048  14  14   1048576.0       1.53     410,640,384.0     205,520,896.0   4595712.0    1605632.0       0.80%  6.201344e+06
122             resnet.layer4.2.bn3  2048  14  14  2048  14  14      4096.0       1.53       1,605,632.0         802,816.0   1622016.0    1605632.0       0.06%  3.227648e+06
123              layer5a.features.0  2048  14  14  2048   1   1         0.0       0.01               0.0               0.0         0.0          0.0       0.06%  0.000000e+00
124              layer5a.features.1  2048   1   1   512   1   1   1048576.0       0.00       2,096,640.0       1,048,576.0   4202496.0       2048.0       0.08%  4.204544e+06
125              layer5a.features.2   512   1   1   512   1   1      1024.0       0.00           2,048.0           1,024.0      6144.0       2048.0       0.01%  8.192000e+03
126              layer5a.features.3   512   1   1   512   1   1         0.0       0.00             512.0             512.0      2048.0       2048.0       0.01%  4.096000e+03
127              layer5b.features.0  2048  14  14  2048   2   2         0.0       0.03               0.0               0.0         0.0          0.0       0.09%  0.000000e+00
128              layer5b.features.1  2048   2   2   512   2   2   1048576.0       0.01       8,386,560.0       4,194,304.0   4227072.0       8192.0       0.12%  4.235264e+06
129              layer5b.features.2   512   2   2   512   2   2      1024.0       0.01           8,192.0           4,096.0     12288.0       8192.0       0.02%  2.048000e+04
130              layer5b.features.3   512   2   2   512   2   2         0.0       0.01           2,048.0           2,048.0      8192.0       8192.0       0.01%  1.638400e+04
131              layer5c.features.0  2048  14  14  2048   3   3         0.0       0.07               0.0               0.0         0.0          0.0       0.11%  0.000000e+00
132              layer5c.features.1  2048   3   3   512   3   3   1048576.0       0.02      18,869,760.0       9,437,184.0   4268032.0      18432.0       0.15%  4.286464e+06
133              layer5c.features.2   512   3   3   512   3   3      1024.0       0.02          18,432.0           9,216.0     22528.0      18432.0       0.02%  4.096000e+04
134              layer5c.features.3   512   3   3   512   3   3         0.0       0.02           4,608.0           4,608.0     18432.0      18432.0       0.01%  3.686400e+04
135              layer5d.features.0  2048  14  14  2048   6   6         0.0       0.28               0.0               0.0         0.0          0.0       0.19%  0.000000e+00
136              layer5d.features.1  2048   6   6   512   6   6   1048576.0       0.07      75,479,040.0      37,748,736.0   4489216.0      73728.0       0.52%  4.562944e+06
137              layer5d.features.2   512   6   6   512   6   6      1024.0       0.07          73,728.0          36,864.0     77824.0      73728.0       0.03%  1.515520e+05
138              layer5d.features.3   512   6   6   512   6   6         0.0       0.07          18,432.0          18,432.0     73728.0      73728.0       0.01%  1.474560e+05
139                         final.0  4096  14  14   512  14  14  18874368.0       0.38   7,398,651,904.0   3,699,376,128.0  78708736.0     401408.0      18.11%  7.911014e+07
140                         final.1   512  14  14   512  14  14      1024.0       0.38         401,408.0         200,704.0    405504.0     401408.0       0.03%  8.069120e+05
141                         final.2   512  14  14   512  14  14         0.0       0.38         100,352.0         100,352.0    401408.0     401408.0       0.01%  8.028160e+05
142                         final.3   512  14  14   512  14  14         0.0       0.38               0.0               0.0         0.0          0.0       0.01%  0.000000e+00
143                         final.4   512  14  14     3  14  14      1539.0       0.00         602,112.0         301,644.0    407564.0       2352.0       0.14%  4.099160e+05
total                                                            46577091.0     410.30  39,485,392,896.0  19,775,286,860.0    407564.0       2352.0     100.00%  1.048855e+09
=============================================================================================================================================================================
Total params: 46,577,091
-----------------------------------------------------------------------------------------------------------------------------------------------------------------------------
Total memory: 410.30MB
Total MAdd: 39.49GMAdd
Total Flops: 19.78GFlops
Total MemR+W: 1000.27MB

